1570556434 19192 1000
1570557601 19192 1000
1570561201 19192 1000
1570564801 19192 1000
1570568401 19192 1000
1570572001 19192 1000
1570575601 19192 1000
1570579201 19192 1000
1570581086 11162 1000
1570582801 11163 1000
1570586401 11164 1000
1570590001 11166 1000
1570593601 11166 1000
1570597201 11166 1000
1570600801 11166 1000
1570604401 11166 1000
1570608001 11166 1000
1570611601 11167 1000
1570615201 11168 1000
1570618801 11825 1000
1570622401 16670 1000
1570626001 17313 1000
1570629601 19218 1000
1570633201 29953 1000
1570636801 29955 1000
1570640401 29959 1000
1570644001 29965 1000
1570647601 29976 1000
1570651201 29980 1000
1570654801 29984 1000
1570658401 29987 1000
1570662001 29990 1000
1570665601 26983 1000
1570669201 24413 1000
1570672801 24410 1000
1570676401 25814 1000
1570680001 25799 1000
1570683601 25808 1000
1570687201 25815 1000
1570690801 25821 1000
1570694401 25831 1000
1570698001 24415 1000
1570701601 23211 1000
1570705201 25841 1000
1570708801 26808 1000
1570712401 26851 1000
1570716001 28271 1000
1570719601 26876 1000
1570723201 26898 1000
1570726801 25865 1000
1570730401 23231 1000
1570734001 23240 1000
1570737601 22210 1000
1570741201 22206 1000
1570744801 22202 1000
1570748401 22202 1000
1570752001 22201 1000
1570755601 22201 1000
1570759201 22201 1000
1570762801 22202 1000
1570766401 22202 1000
1570770001 22202 1000
1570773601 22203 1000
1570777201 22203 1000
1570780801 22203 1000
1570784401 22203 1000
1570788001 22204 1000
1570791601 22203 1000
1570795201 22203 1000
1570798801 22203 1000
1570802401 22203 1000
1570806001 22202 1000
1570809601 22201 1000
1570813201 20100 1000
1570816801 20103 1000
1570820401 21113 1000
1570824001 22181 1000
1570827601 22180 1000
1570831201 22188 1000
1570834801 22192 1000
1570838401 22195 1000
1570842001 22198 1000
1570845601 22202 1000
1570849201 20095 1000
1570852801 20095 1000
1570856401 20095 1000
1570860001 20099 1000
1570863601 20100 1000
1570867201 20101 1000
1570870801 20102 1000
1570874401 20102 1000
1570878001 20104 1000
1570881601 20105 1000
1570885201 20106 1000
1570888801 20106 1000
1570892401 20106 1000
1570896001 20107 1000
1570899601 20107 1000
1570903201 20107 1000
1570906801 16536 1000
1570910401 12200 1000
1570914001 12207 1000
1570917602 12214 1000
1570921201 12214 1000
1570924801 12216 1000
1570928401 10670 1000
1570932001 10672 1000
1570935601 10673 1000
1570939201 10089 1000
1570942801 10089 1000
1570946401 10089 1000
1570950001 10089 1000
1570953601 10089 1000
1570957201 10090 1000
1570960801 10090 1000
1570964401 10091 1000
1570968001 10091 1000
1570971601 10092 1000
1570975201 10093 1000
1570978801 10093 1000
1570982401 10094 1000
1570986001 10094 1000
1570989601 10094 1000
1570993201 10094 1000
1570996801 10094 1000
1571000401 10094 1000
1571004001 10094 1000
1571007601 10094 1000
1571011201 10095 1000
1571014801 10095 1000
1571018401 10095 1000
1571022001 10094 1000
1571025601 6944 1000
1571029201 6948 1000
1571032801 6543 1000
1571036401 6546 1000
1571040001 6256 1000
1571043601 6258 1000
1571047201 6261 1000
1571050801 6261 1000
1571054401 6264 1000
1571058001 6266 1000
1571061601 23381 1000
1571065201 24286 1000
1571068801 23446 1000
1571072401 24287 1000
1571076001 24296 1000
1571079601 24301 1000
1571083201 20106 1000
1571086801 22094 1000
1571090401 21108 1000
1571094001 21135 1000
1571097601 21145 1000
1571101201 21151 1000
1571104801 15023 1000
1571108401 13650 1000
1571112001 13655 1000
1571115601 13648 1000
1571119201 13653 1000
1571122801 13653 1000
1571126401 13655 1000
1571130001 13656 1000
1571133601 13657 1000
1571137201 13657 1000
1571140801 13658 1000
1571144401 12972 1000
1571148001 18203 1000
1571151601 18224 1000
1571155201 14207 1000
1571158801 18240 1000
1571162401 18251 1000
1571166001 18253 1000
1571169601 18258 1000
1571173201 18260 1000
1571176801 18261 1000
1571180401 18267 1000
1571184001 18266 1000
1571187601 18267 1000
1571191201 18269 1000
1571194801 17356 1000
1571198401 15902 1000
1571202001 15907 1000
1571205601 15915 1000
1571209201 15920 1000
1571212801 16498 1000
1571216401 16517 1000
1571220001 16528 1000
1571223601 16537 1000
1571227201 15029 1000
1571230801 16549 1000
1571234401 18183 1000
1571238001 18198 1000
1571241601 19157 1000
1571245201 19186 1000
1571248801 19202 1000
1571252401 19210 1000
1571256001 19216 1000
1571259601 19220 1000
1571263201 19225 1000
1571266801 19228 1000
1571270401 15035 1000
1571274001 15037 1000
1571277601 15038 1000
1571281201 15038 1000
1571284801 15039 1000
1571288401 15040 1000
1571292001 15040 1000
1571295601 15040 1000
1571299201 15041 1000
1571302801 15041 1000
1571306401 15041 1000
1571310001 15042 1000
1571313601 15042 1000
1571317201 15043 1000
1571320801 18161 1000
1571324401 20007 1000
1571328001 20040 1000
1571331601 21158 1000
1571335201 21179 1000
1571338801 20050 1000
1571342401 20061 1000
1571346001 19211 1000
1571349601 19212 1000
1571353201 19214 1000
1571356801 19215 1000
1571360401 19216 1000
1571364001 17316 1000
1571367601 16491 1000
1571371201 16490 1000
1571374801 16490 1000
1571378401 16490 1000
1571382001 15934 1000
1571385601 15934 1000
1571389201 15934 1000
1571392801 15933 1000
1571396401 15933 1000
1571400001 15934 1000
1571403601 15934 1000
1571407201 23359 1000
1571410801 23347 1000
1571414401 23347 1000
1571418001 23342 1000
1571421601 20035 1000
1571425201 19215 1000
1571428801 18205 1000
1571432401 18207 1000
1571436001 18214 1000
1571439601 18211 1000
1571443201 18212 1000
1571446801 18213 1000
1571450402 18213 1000
1571454001 18213 1000
1571457601 18214 1000
1571461201 18214 1000
1571464801 18215 1000
1571468401 18215 1000
1571472001 18216 1000
1571475601 18216 1000
1571479201 18216 1000
1571482801 18217 1000
1571486401 18217 1000
1571490001 18218 1000
1571493601 16476 1000
1571497201 16477 1000
1571500801 16482 1000
1571504401 16481 1000
1571508001 16486 1000
1571511601 16488 1000
1571515201 16488 1000
1571518801 16489 1000
1571522401 16489 1000
1571526001 16490 1000
1571529601 16490 1000
1571533201 16491 1000
1571536801 16491 1000
1571540401 15059 1000
1571544001 15060 1000
1571547601 15060 1000
1571551201 15060 1000
1571554801 15061 1000
1571558401 15061 1000
1571562001 15061 1000
1571565601 15062 1000
1571569201 15062 1000
1571572801 15063 1000
1571576401 15063 1000
1571580001 15064 1000
1571583601 15064 1000
1571587201 15064 1000
1571590802 15065 1000
1571594401 11884 1000
1571598001 10090 1000
1571601601 10090 1000
1571605201 10090 1000
1571608801 10090 1000
1571612401 10091 1000
1571616001 10091 1000
1571619601 10091 1000
1571623201 3147 1000
1571626801 3147 1000
1571630401 3150 1000
1571634001 3020 1000
1571637601 3151 1000
1571641201 3154 1000
1571644801 3020 1000
1571648401 3158 1000
1571652001 3160 1000
1571655601 3160 1000
1571659201 3470 1000
1571662801 3313 1000
1571666401 3478 1000
1571670001 3481 1000
1571673601 3631 1000
1571677201 3813 1000
1571680801 3639 1000
1571684401 3642 1000
1571688001 3642 1000
1571691601 3643 1000
1571695201 3020 1000
1571698802 3020 1000
1571702401 3021 1000
1571706001 3021 1000
1571709601 3160 1000
1571713201 3023 1000
1571716801 3024 1000
1571720401 3021 1000
1571724001 3021 1000
1571727602 1427 1000
1571731201 2546 1000
1571734801 3150 1000
1571738401 4465 1000
1571742001 6274 1000
1571745601 6529 1000
1571749201 6532 1000
1571752801 8016 1000
1571756401 7569 1000
1571760001 8024 1000
1571763601 8029 1000
1571767201 8032 1000
1571770801 8034 1000
1571774401 8036 1000
1571778001 8038 1000
1571781601 7579 1000
1571785201 7592 1000
1571788801 6260 1000
1571792401 6260 1000
1571796001 6263 1000
1571799601 6263 1000
1571803201 6263 1000
1571806801 6263 1000
1571810401 6264 1000
1571814001 6264 1000
1571817601 5994 1000
1571821201 5994 1000
1571824801 6265 1000
1571828401 7579 1000
1571832001 7143 1000
1571835601 6944 1000
1571839201 48464 1000
1571842801 34339 1000
1571846401 34378 1000
1571850001 32836 1000
1571853601 31326 1000
1571857201 24314 1000
1571860801 20047 1000
1571864401 20049 1000
1571868001 20046 1000
1571871601 19255 1000
1571875201 20047 1000
1571878801 19235 1000
1571882401 19235 1000
1571886001 19235 1000
1571889601 20038 1000
1571893201 20044 1000
1571896801 20053 1000
1571900401 12224 1000
1571904001 12961 1000
1571907601 12968 1000
1571911201 12980 1000
1571914801 12985 1000
1571918401 9170 1000
1571922001 10123 1000
1571925601 20060 1000
1571929201 20050 1000
1571932801 21108 1000
1571936401 22052 1000
1571940001 22081 1000
1571943601 22090 1000
1571947201 22092 1000
1571950801 22097 1000
1571954402 22098 1000
1571958001 22100 1000
1571961601 22107 1000
1571965201 22111 1000
1571968801 22114 1000
1571972401 22118 1000
1571976001 22122 1000
1571979601 20090 1000
1571983201 20095 1000
1571986801 20102 1000
1571990401 20111 1000
1571994001 20118 1000
1571997601 19224 1000
1572001201 19225 1000
1572004801 19226 1000
1572008401 19225 1000
1572012001 19218 1000
1572015601 20110 1000
1572019201 22114 1000
1572022801 25753 1000
1572026401 25794 1000
1572030001 26898 1000
1572033601 24353 1000
1572037201 25810 1000
1572040802 25825 1000
1572044401 25836 1000
1572048001 25842 1000
1572051601 25846 1000
1572055201 25851 1000
1572058801 25861 1000
1572062401 25865 1000
1572066001 25867 1000
1572069601 25870 1000
1572073201 25873 1000
1572076801 25872 1000
1572080401 24391 1000
1572084001 24407 1000
1572087601 25850 1000
1572091201 25846 1000
1572094801 25844 1000
1572098401 25847 1000
1572102001 26861 1000
1572105601 65111 1000
1572109201 67135 1000
1572112801 71040 1000
1572116401 71171 1000
1572120001 71248 1000
1572123601 67694 1000
1572127201 65197 1000
1572130801 65202 1000
1572134401 59636 1000
1572138001 59637 1000
1572141601 59639 1000
1572145201 59635 1000
1572148801 59634 1000
1572152401 59634 1000
1572156001 59632 1000
1572159601 59630 1000
1572163201 45578 1000
1572166801 44102 1000
1572170401 44107 1000
1572174001 44115 1000
1572177601 44123 1000
1572181201 44126 1000
1572184801 44118 1000
1572188401 45616 1000
1572192001 45686 1000
1572195601 45723 1000
1572199201 45747 1000
1572202801 44118 1000
1572206401 44120 1000
1572210001 44120 1000
1572213601 44121 1000
1572217201 44123 1000
1572220801 44124 1000
1572224401 44125 1000
1572228001 44128 1000
1572231601 44128 1000
1572235201 44130 1000
1572238801 44132 1000
1572242401 44133 1000
1572246001 44133 1000
1572249601 44133 1000
1572253201 44133 1000
1572256801 44133 1000
1572260401 38022 1000
1572264001 32643 1000
1572267601 26895 1000
1572271201 24373 1000
1572274801 24374 1000
1572278401 24373 1000
1572282001 24374 1000
1572285601 25776 1000
1572289201 26951 1000
1572292801 26968 1000
1572296401 29728 1000
1572300001 28352 1000
1572303601 28370 1000
1572307201 28380 1000
1572310801 28380 1000
1572314401 28388 1000
1572318001 28396 1000
1572321601 28401 1000
1572325201 28407 1000
1572328801 27004 1000
1572332401 25769 1000
1572336001 25771 1000
1572339601 25773 1000
1572343201 25774 1000
1572346801 25777 1000
1572350401 25772 1000
1572354001 25771 1000
1572357601 25771 1000
1572361201 25782 1000
1572364801 26951 1000
1572368401 26948 1000
1572372001 26959 1000
1572375601 26975 1000
1572379201 26983 1000
1572382801 26993 1000
1572386401 26998 1000
1572390001 27001 1000
1572393601 27004 1000
1572397201 27009 1000
1572400801 27014 1000
1572404401 25837 1000
1572408001 25831 1000
1572411601 25831 1000
1572415201 25804 1000
1572418801 25805 1000
1572422401 25807 1000
1572426001 25806 1000
1572429601 25805 1000
1572433201 25806 1000
1572436801 25806 1000
1572440401 25805 1000
1572444001 25810 1000
1572447601 25814 1000
1572451201 25823 1000
1572454801 25836 1000
1572458401 26873 1000
1572462001 26969 1000
1572465601 26970 1000
1572469201 26970 1000
1572472801 26968 1000
1572476401 26968 1000
1572480001 26976 1000
1572483601 26983 1000
1572487201 26991 1000
1572490801 25856 1000
1572494401 25826 1000
1572498001 25827 1000
1572501601 25827 1000
1572505201 26983 1000
1572508801 26998 1000
1572512401 27006 1000
1572516001 27010 1000
1572519601 27017 1000
1572523201 27025 1000
1572526802 25826 1000
1572530401 25826 1000
1572534001 27029 1000
1572537601 29600 1000
1572541201 28247 1000
1572544801 29647 1000
1572548401 29680 1000
1572552001 28232 1000
1572555601 28237 1000
1572559201 29663 1000
1572562801 29679 1000
1572566401 29688 1000
1572570001 29705 1000
1572573601 29716 1000
1572577201 29720 1000
1572580801 29726 1000
1572584401 29736 1000
1572588001 29746 1000
1572591601 29752 1000
1572595201 29750 1000
1572598801 29757 1000
1572602401 29768 1000
1572606001 29781 1000
1572609601 29791 1000
1572613201 29793 1000
1572616801 31148 1000
1572620401 32492 1000
1572624001 34313 1000
1572627601 35997 1000
1572631201 35998 1000
1572634801 36002 1000
1572638401 36004 1000
1572642002 36005 1000
1572645601 36006 1000
1572649201 36008 1000
1572652801 32664 1000
1572656401 32686 1000
1572660001 32698 1000
1572663601 32699 1000
1572667201 31218 1000
1572670801 31223 1000
1572674401 29881 1000
1572678001 29878 1000
1572681601 29775 1000
1572685201 29776 1000
1572688801 29776 1000
1572692401 29777 1000
1572696001 29777 1000
1572699601 29778 1000
1572703201 29778 1000
1572706801 29779 1000
1572710401 29781 1000
1572714002 29781 1000
1572717601 29782 1000
1572721201 29783 1000
1572724801 29784 1000
1572728401 29785 1000
1572732001 29785 1000
1572735601 29785 1000
1572739201 29786 1000
1572742801 29788 1000
1572746401 29788 1000
1572750001 29789 1000
1572753601 29789 1000
1572757201 29789 1000
1572760801 29789 1000
1572764401 29789 1000
1572768001 29789 1000
1572771601 29789 1000
1572775201 29791 1000
1572778801 29791 1000
1572782401 29792 1000
1572786001 29793 1000
1572789601 29793 1000
1572793201 44535 1000
1572796801 31199 1000
1572800401 31203 1000
1572804001 29794 1000
1572807601 29794 1000
1572811201 29795 1000
1572814801 29795 1000
1572818401 29795 1000
1572822001 29796 1000
1572825601 29796 1000
1572829201 29796 1000
1572832801 29796 1000
1572836401 26973 1000
1572840001 26979 1000
1572843601 26982 1000
1572847201 26983 1000
1572850801 26983 1000
1572854401 26983 1000
1572858001 26985 1000
1572861601 26987 1000
1572865201 26988 1000
1572868801 26990 1000
1572872401 26992 1000
1572876001 26993 1000
1572879601 91198 1000
1572883201 91213 1000
1572886801 91411 1000
1572890401 91524 1000
1572894001 91574 1000
1572897601 91607 1000
1572901201 91628 1000
1572904801 91646 1000
1572908401 91653 1000
1572912001 50763 1000
1572915601 44031 1000
1572919201 45621 1000
1572922801 45710 1000
1572926401 45715 1000
1572930001 39721 1000
1572933601 39724 1000
1572937201 39748 1000
1572940801 34431 1000
1572944401 31171 1000
1572948001 29914 1000
1572951601 29825 1000
1572955201 29825 1000
1572958801 29827 1000
1572962401 61359 1000
1572966001 61524 1000
1572969601 61597 1000
1572973201 45727 1000
1572976801 39777 1000
1572980401 34447 1000
1572984001 34487 1000
1572987601 34497 1000
1572991202 34496 1000
1572994801 34515 1000
1572998401 34527 1000
1573002001 34540 1000
1573005601 34548 1000
1573009201 34517 1000
1573012801 34519 1000
1573016402 34521 1000
1573020001 34523 1000
1573023601 34522 1000
1573027201 34522 1000
1573030802 34522 1000
1573034401 34522 1000
1573038001 34522 1000
1573041601 34523 1000
1573045201 34522 1000
1573048801 34528 1000
1573052401 34530 1000
1573056001 34537 1000
1573059601 34545 1000
1573063201 32683 1000
1573066801 34560 1000
1573070401 31213 1000
1573074001 31224 1000
1573077601 31219 1000
1573081201 31224 1000
1573084801 31227 1000
1573088401 31226 1000
1573092001 31226 1000
1573095601 31226 1000
1573099201 31226 1000
1573102801 31224 1000
1573106401 31224 1000
1573110001 31227 1000
1573113601 31228 1000
1573117201 31230 1000
1573120801 31231 1000
1573124401 31233 1000
1573128001 31234 1000
1573131601 31234 1000
1573135201 31233 1000
1573138801 31233 1000
1573142401 31236 1000
1573146002 31233 1000
1573149601 32416 1000
1573153201 34334 1000
1573156801 38006 1000
1573160401 36104 1000
1573164001 36108 1000
1573167601 34415 1000
1573171201 34439 1000
1573174801 34454 1000
1573178401 34465 1000
1573182001 34475 1000
1573185601 34479 1000
1573189201 34483 1000
1573192801 32557 1000
1573196401 32580 1000
1573200002 32542 1000
1573203601 32550 1000
1573207201 32553 1000
1573210801 31250 1000
1573214401 31250 1000
1573218001 31250 1000
1573221601 32564 1000
1573225201 32573 1000
1573228801 34437 1000
1573232401 34444 1000
1573236001 34460 1000
1573239601 34467 1000
1573243201 34484 1000
1573246801 34477 1000
1573250401 34475 1000
1573254001 34474 1000
1573257601 36097 1000
1573261201 36109 1000
1573264801 36119 1000
1573268401 36127 1000
1573272001 36135 1000
1573275601 36138 1000
1573279201 36140 1000
1573282801 32616 1000
1573286401 34504 1000
1573290001 31291 1000
1573293601 31263 1000
1573297201 31264 1000
1573300801 31268 1000
1573304401 31270 1000
1573308001 31302 1000
1573311601 31305 1000
1573315201 31276 1000
1573318801 31279 1000
1573322401 31281 1000
1573326002 31280 1000
1573329601 31279 1000
1573333201 31279 1000
1573336801 31279 1000
1573340401 31279 1000
1573344001 31280 1000
1573347601 31280 1000
1573351201 31281 1000
1573354801 31281 1000
1573358401 31281 1000
1573362001 31282 1000
1573365601 31283 1000
1573369201 31283 1000
1573372801 31283 1000
1573376401 31284 1000
1573380001 31284 1000
1573383601 31284 1000
1573387201 31285 1000
1573390801 31285 1000
1573394401 31285 1000
1573398001 31285 1000
1573401601 31285 1000
1573405201 31285 1000
1573408801 31285 1000
1573412401 31285 1000
1573416001 31285 1000
1573419601 31285 1000
1573423201 31285 1000
1573426801 31285 1000
1573430401 31286 1000
1573434002 31286 1000
1573437601 31286 1000
1573441201 31286 1000
1573444801 31289 1000
1573448401 31290 1000
1573452001 31291 1000
1573455601 31291 1000
1573459201 31293 1000
1573462801 31294 1000
1573466401 31295 1000
1573470001 31296 1000
1573473601 31296 1000
1573477201 31297 1000
1573480801 31299 1000
1573484401 31328 1000
1573488001 31333 1000
1573491601 22124 1000
1573495201 21167 1000
1573498801 21164 1000
1573502401 21171 1000
1573506001 22108 1000
1573509601 22127 1000
1573513201 22139 1000
1573516801 22142 1000
1573520401 19225 1000
1573524001 19226 1000
1573527601 19229 1000
1573531201 20102 1000
1573534801 20113 1000
1573538401 20124 1000
1573542001 19228 1000
1573545601 19230 1000
1573549201 19232 1000
1573552801 18191 1000
1573556401 18195 1000
1573560001 18194 1000
1573563601 18195 1000
1573567201 19205 1000
1573570801 20123 1000
1573574401 21092 1000
1573578001 21106 1000
1573581601 22141 1000
1573585201 22148 1000
1573588801 23274 1000
1573592401 25652 1000
1573596001 25701 1000
1573599601 25729 1000
1573603201 25747 1000
1573606801 25751 1000
1573610401 25764 1000
1573614001 25773 1000
1573617601 25779 1000
1573621201 25784 1000
1573624801 25790 1000
1573628401 24353 1000
1573632001 24355 1000
1573635601 23271 1000
1573639201 23275 1000
1573642801 23280 1000
1573646401 23282 1000
1573650001 23296 1000
1573653602 23297 1000
1573657201 25778 1000
1573660801 25789 1000
1573664401 24380 1000
1573668001 25800 1000
1573671601 25802 1000
1573675201 25821 1000
1573678801 25832 1000
1573682401 25844 1000
1573686001 25853 1000
1573689601 25859 1000
1573693201 25867 1000
1573696801 24368 1000
1573700401 24372 1000
1573704001 24375 1000
1573707601 24375 1000
1573711201 24377 1000
1573714801 24377 1000
1573718401 24378 1000
1573722001 24379 1000
1573725601 24379 1000
1573729201 24381 1000
1573732801 24383 1000
1573736401 24386 1000
1573740001 24404 1000
1573743601 24389 1000
1573747201 24391 1000
1573750801 24392 1000
1573754401 24392 1000
1573758001 23279 1000
1573761601 23280 1000
1573765201 23280 1000
1573768801 22142 1000
1573772401 22142 1000
1573776001 22141 1000
1573779601 19170 1000
1573783201 18235 1000
1573786801 18237 1000
1573790401 18237 1000
1573794001 18237 1000
1573797601 18237 1000
1573801201 18237 1000
1573804801 18237 1000
1573808401 18238 1000
1573812001 18237 1000
1573815601 18237 1000
1573819201 18237 1000
1573822801 18241 1000
1573826401 18242 1000
1573830001 19204 1000
1573833601 19212 1000
1573837201 19217 1000
1573840801 19221 1000
1573844401 19225 1000
1573848001 19227 1000
1573851601 19230 1000
1573855201 19231 1000
1573858801 19234 1000
1573862401 19236 1000
1573866001 19238 1000
1573869601 18235 1000
1573873201 18235 1000
1573876801 18237 1000
1573880401 18237 1000
1573884001 18237 1000
1573887601 18238 1000
1573891202 18238 1000
1573894801 18238 1000
1573898401 18239 1000
1573902001 18239 1000
1573905601 18239 1000
1573909201 18239 1000
1573912801 18244 1000
1573916401 18241 1000
1573920001 18245 1000
1573923601 18249 1000
1573927201 19166 1000
1573930801 19178 1000
1573934401 19184 1000
1573938001 19189 1000
1573941601 18239 1000
1573945201 18230 1000
1573948801 16505 1000
1573952401 16506 1000
1573956001 16506 1000
1573959601 16507 1000
1573963201 16508 1000
1573966801 16509 1000
1573970401 16510 1000
1573974001 16511 1000
1573977601 16512 1000
1573981201 16512 1000
1573984801 16512 1000
1573988401 16513 1000
1573992001 15027 1000
1573995601 12980 1000
1573999201 13701 1000
1574002801 15028 1000
1574006401 13713 1000
1574010001 13719 1000
1574013601 13721 1000
1574017201 13725 1000
1574020801 13719 1000
1574024401 13720 1000
1574028001 13721 1000
1574031601 13721 1000
1574035202 13721 1000
1574038801 13721 1000
1574042401 13721 1000
1574046001 13721 1000
1574049601 13721 1000
1574053201 13723 1000
1574056801 13723 1000
1574060401 13723 1000
1574064001 13723 1000
1574067601 13723 1000
1574071201 13723 1000
1574074801 13723 1000
1574078401 13723 1000
1574082001 13723 1000
1574085601 34454 1000
1574089201 22093 1000
1574092801 22126 1000
1574096401 23254 1000
1574100001 22152 1000
1574103601 23265 1000
1574107201 31359 1000
1574110801 29806 1000
1574114401 29818 1000
1574118001 28329 1000
1574121602 28340 1000
1574125201 28347 1000
1574128801 26722 1000
1574132401 28352 1000
1574136001 28355 1000
1574139601 28357 1000
1574143201 25828 1000
1574146801 25829 1000
1574150401 25836 1000
1574154001 25824 1000
1574157602 25829 1000
1574161201 25832 1000
1574164801 25835 1000
1574168401 25836 1000
1574172001 25852 1000
1574175601 26798 1000
1574179201 28316 1000
1574182801 28331 1000
1574186401 26839 1000
1574190001 26870 1000
1574193601 26902 1000
1574197201 26920 1000
1574200801 26933 1000
1574204401 26939 1000
1574208001 28288 1000
1574211601 26962 1000
1574215201 26975 1000
1574218801 26987 1000
1574222401 26997 1000
1574226001 25839 1000
1574229601 25840 1000
1574233201 25842 1000
1574236801 25842 1000
1574240401 25842 1000
1574244001 25842 1000
1574247601 25844 1000
1574251201 25844 1000
1574254801 25845 1000
1574258401 26923 1000
1574262001 26967 1000
1574265601 25844 1000
1574269201 25845 1000
1574272801 25846 1000
1574276401 21048 1000
1574280001 20117 1000
1574283601 18250 1000
1574287201 18250 1000
1574290801 18249 1000
1574294401 18251 1000
1574298001 18252 1000
1574301601 18252 1000
1574305201 18252 1000
1574308801 18252 1000
1574312401 18252 1000
1574316001 18252 1000
1574319601 18253 1000
1574323201 20107 1000
1574326801 20119 1000
1574330401 20133 1000
1574334001 20139 1000
1574337602 24361 1000
1574341201 21102 1000
1574344801 26799 1000
1574348401 26822 1000
1574352001 26841 1000
1574355601 26885 1000
1574359201 26899 1000
1574362801 26908 1000
1574366401 25810 1000
1574370001 26919 1000
1574373601 26919 1000
1574377201 26926 1000
1574380801 26931 1000
1574384401 26938 1000
1574388001 26944 1000
1574391601 26947 1000
1574395201 26952 1000
1574398801 26957 1000
1574402401 26960 1000
1574406001 25831 1000
1574409601 26962 1000
1574413201 26967 1000
1574416801 26963 1000
1574420401 26963 1000
1574424001 26966 1000
1574427601 26968 1000
1574431201 26972 1000
1574434801 26978 1000
1574438401 28344 1000
1574442001 28357 1000
1574445601 28360 1000
1574449201 28374 1000
1574452802 28369 1000
1574456401 28362 1000
1574460001 26978 1000
1574463601 25826 1000
1574467201 25828 1000
1574470801 25829 1000
1574474401 25830 1000
1574478001 25830 1000
1574481601 25831 1000
1574485201 21127 1000
1574488801 20117 1000
1574492401 20116 1000
1574496001 20117 1000
1574499601 20117 1000
1574503201 20118 1000
1574506801 20118 1000
1574510401 20118 1000
1574514001 20120 1000
1574517601 20121 1000
1574521201 20122 1000
1574524801 20122 1000
1574528401 20122 1000
1574532001 20122 1000
1574535601 20123 1000
1574539201 20123 1000
1574542801 20124 1000
1574546401 20124 1000
1574550001 20124 1000
1574553601 20124 1000
1574557201 20124 1000
1574560801 20124 1000
1574564401 20124 1000
1574568001 20124 1000
1574571601 20125 1000
1574575201 20125 1000
1574578801 20125 1000
1574582401 20125 1000
1574586001 20125 1000
1574589601 20126 1000
1574593201 20126 1000
1574596801 20126 1000
1574600401 20126 1000
1574604001 20127 1000
1574607601 20127 1000
1574611201 20127 1000
1574614801 20134 1000
1574618401 20136 1000
1574622001 20141 1000
1574625601 20144 1000
1574629201 20146 1000
1574632801 20148 1000
1574636401 19194 1000
1574640001 12310 1000
1574643601 12310 1000
1574647201 12311 1000
1574650801 12311 1000
1574654401 12312 1000
1574658001 12315 1000
1574661601 12317 1000
1574665201 12317 1000
1574668801 12318 1000
1574672401 12318 1000
1574676001 13003 1000
1574679601 13008 1000
1574683201 13011 1000
1574686801 13661 1000
1574690401 13664 1000
1574694002 32632 1000
1574697601 29634 1000
1574701201 32689 1000
1574704801 29721 1000
1574708401 28365 1000
1574712001 28365 1000
1574715601 32670 1000
1574719201 35991 1000
1574722801 36007 1000
1574726402 34385 1000
1574730001 34406 1000
1574733601 31248 1000
1574737201 31260 1000
1574740801 31270 1000
1574744401 32604 1000
1574748001 32618 1000
1574751601 32641 1000
1574755201 32660 1000
1574758801 32668 1000
1574762401 32684 1000
1574766001 32694 1000
1574769601 32692 1000
1574773201 32708 1000
1574776801 34420 1000
1574780401 34448 1000
1574784001 34471 1000
1574787601 34496 1000
1574791201 34506 1000
1574794801 34521 1000
1574798401 34534 1000
1574802001 34539 1000
1574805601 34552 1000
1574809201 31218 1000
1574812801 31217 1000
1574816401 31215 1000
1574820001 31215 1000
1574823601 31215 1000
1574827201 31212 1000
1574830801 31212 1000
1574834401 31213 1000
1574838001 31215 1000
1574841601 31216 1000
1574845201 31217 1000
1574848802 31217 1000
1574852401 31218 1000
1574856001 31219 1000
1574859601 31222 1000
1574863201 31222 1000
1574866801 29795 1000
1574870401 29798 1000
1574874001 29800 1000
1574877601 29825 1000
1574881201 29848 1000
1574884801 29859 1000
1574888401 29831 1000
1574892001 29870 1000
1574895601 29841 1000
1574899201 29841 1000
1574902801 29844 1000
1574906401 29844 1000
1574910001 29844 1000
1574913601 29844 1000
1574917201 29844 1000
1574920801 29845 1000
1574924401 29845 1000
1574928001 29846 1000
1574931601 29846 1000
1574935201 29847 1000
1574938801 29848 1000
1574942401 28234 1000
1574946001 26919 1000
1574949601 26920 1000
1574953201 26928 1000
1574956801 26931 1000
1574960401 26937 1000
1574964001 26941 1000
1574967601 21149 1000
1574971201 21148 1000
1574974801 21153 1000
1574978401 20127 1000
1574982001 20127 1000
1574985601 20127 1000
1574989201 20126 1000
1574992801 20125 1000
1574996401 20125 1000
1575000001 20125 1000
1575003601 19261 1000
1575007201 19243 1000
1575010801 19244 1000
1575014401 19243 1000
1575018001 19242 1000
1575021601 19242 1000
1575025201 19241 1000
1575028801 19240 1000
1575032401 19240 1000
1575036001 19240 1000
1575039601 29758 1000
1575043201 22104 1000
1575046801 29767 1000
1575050401 29778 1000
1575054001 31232 1000
1575057601 34420 1000
1575061201 34457 1000
1575064801 32577 1000
1575068401 32605 1000
1575072001 32626 1000
1575075601 31269 1000
1575079201 31285 1000
1575082801 31296 1000
1575086401 31306 1000
1575090001 31317 1000
1575093601 31273 1000
1575097201 31279 1000
1575100801 31280 1000
1575104401 31282 1000
1575108001 31283 1000
1575111601 31285 1000
1575115201 31286 1000
1575118801 29823 1000
1575122401 29824 1000
1575126001 26969 1000
1575129601 25771 1000
1575133201 26958 1000
1575136801 26973 1000
1575140401 26988 1000
1575144001 26997 1000
1575147601 27008 1000
1575151201 27015 1000
1575154801 27015 1000
1575158401 27015 1000
1575162001 27015 1000
1575165601 27015 1000
1575169201 27015 1000
1575172801 27015 1000
1575176401 27015 1000
1575180001 27015 1000
1575183601 27015 1000
1575187201 27015 1000
1575190801 27015 1000
1575194401 27015 1000
1575198001 27015 1000
1575201601 27015 1000
1575205201 27015 1000
1575208802 27015 1000
1575212401 27015 1000
1575216001 27015 1000
1575219601 27015 1000
1575223201 27015 1000
1575226801 27015 1000
1575230401 27015 1000
1575234001 27015 1000
1575237601 27015 1000
1575241201 27015 1000
1575244801 27015 1000
1575248401 27015 1000
1575252001 27015 1000
1575255601 27015 1000
1575259201 27015 1000
1575262801 27015 1000
1575266401 27015 1000
1575270001 27015 1000
1575273601 27015 1000
1575277201 27015 1000
1575280801 27015 1000
1575284401 27015 1000
1575288001 27015 1000
1575291602 27015 1000
1575295201 27015 1000
1575298801 27015 1000
1575302401 27015 1000
1575306001 27015 1000
1575309601 27015 1000
1575313201 27015 1000
1575316801 27015 1000
1575320401 27015 1000
1575324001 27015 1000
1575327601 27015 1000
1575331201 27015 1000
1575334801 27015 1000
1575338401 27015 1000
1575342001 27015 1000
1575345601 27015 1000
1575349201 27015 1000
1575352801 27015 1000
1575356401 27015 1000
1575360001 27015 1000
1575363601 27015 1000
1575367201 27015 1000
1575370801 27015 1000
1575374401 27015 1000
1575378001 27015 1000
1575381601 27015 1000
1575385201 27015 1000
1575388801 27015 1000
1575392401 27015 1000
1575396001 28206 1000
1575399601 25767 1000
1575403201 25756 1000
1575406801 25777 1000
1575410401 25788 1000
1575414001 17383 1000
1575417601 17380 1000
1575421201 17378 1000
1575424801 15965 1000
1575428401 15972 1000
1575432001 15967 1000
1575435601 15967 1000
1575439201 15966 1000
1575442801 15965 1000
1575446401 15964 1000
1575450001 15962 1000
1575453601 15962 1000
1575457201 15962 1000
1575460801 15960 1000
1575464401 15956 1000
1575468001 28190 1000
1575471601 22109 1000
1575475201 23285 1000
1575478801 23298 1000
1575482401 23316 1000
1575486001 23327 1000
1575489601 24274 1000
1575493201 23344 1000
1575496801 19137 1000
1575500401 16480 1000
1575504001 15951 1000
1575507601 15951 1000
1575511201 15951 1000
1575514801 15951 1000
1575518401 15951 1000
1575522001 15951 1000
1575525601 15950 1000
1575529201 15059 1000
1575532801 15058 1000
1575536401 15059 1000
1575540001 15059 1000
1575543601 15060 1000
1575547201 15060 1000
1575550801 15061 1000
1575554401 15061 1000
1575558001 15061 1000
1575561601 15062 1000
1575565201 15061 1000
1575568801 15060 1000
1575572401 15060 1000
1575576001 15060 1000
1575579602 11829 1000
1575583201 11828 1000
1575586801 9810 1000
1575590401 12227 1000
1575594001 12245 1000
1575597601 10098 1000
1575601201 10112 1000
1575604801 10118 1000
1575608401 10121 1000
1575612001 10123 1000
1575615601 10124 1000
1575619201 10115 1000
1575622801 10115 1000
1575626401 10115 1000
1575630001 10114 1000
1575633601 10114 1000
1575637201 10114 1000
1575640801 20080 1000
1575644401 20106 1000
1575648001 20118 1000
1575651602 20128 1000
1575655201 19218 1000
1575658801 19231 1000
1575662401 19226 1000
1575666001 18192 1000
1575669601 15059 1000
1575673201 18199 1000
1575676801 15929 1000
1575680401 15060 1000
1575684001 15063 1000
1575687601 15927 1000
1575691201 15071 1000
1575694801 15065 1000
1575698401 15065 1000
1575702001 15065 1000
1575705601 15065 1000
1575709201 15064 1000
1575712801 15064 1000
1575716401 15064 1000
1575720001 15064 1000
1575723601 15064 1000
1575727201 15064 1000
1575730801 15065 1000
1575734401 13020 1000
1575738001 13024 1000
1575741601 13024 1000
1575745201 13020 1000
1575748801 13020 1000
1575752401 12231 1000
1575756001 12231 1000
1575759601 11867 1000
1575763201 11869 1000
1575766801 11871 1000
1575770401 11871 1000
1575774001 11872 1000
1575777601 11873 1000
1575781201 11874 1000
1575784801 11874 1000
1575788401 11873 1000
1575792001 11873 1000
1575795601 11874 1000
1575799201 11874 1000
1575802801 11874 1000
1575806401 11875 1000
1575810001 11875 1000
1575813601 11877 1000
1575817201 11877 1000
1575820801 11878 1000
1575824401 11878 1000
1575828001 11879 1000
1575831601 11880 1000
1575835201 11880 1000
1575838801 11880 1000
1575842401 11881 1000
1575846001 5666 1000
1575849601 5671 1000
1575853201 5675 1000
1575856801 4962 1000
1575860401 4962 1000
1575864001 4213 1000
1575867601 4214 1000
1575871201 4216 1000
1575874801 4414 1000
1575878401 4434 1000
1575882001 4218 1000
1575885601 4219 1000
1575889201 4019 1000
1575892801 4028 1000
1575896401 4029 1000
1575900001 11099 1000
1575903601 10668 1000
1575907201 11126 1000
1575910801 11861 1000
1575914401 17412 1000
1575918001 13703 1000
1575921601 13715 1000
1575925201 13724 1000
1575928801 14151 1000
1575932401 15012 1000
1575936001 15033 1000
1575939601 15035 1000
1575943201 15035 1000
1575946801 15043 1000
1575950401 15045 1000
1575954001 14154 1000
1575957601 14159 1000
1575961201 14165 1000
1575964801 11874 1000
1575968402 11878 1000
1575972001 11876 1000
1575975601 11877 1000
1575979201 11878 1000
1575982801 11878 1000
1575986401 12917 1000
1575990002 13627 1000
1575993601 14144 1000
1575997201 15051 1000
1576000801 15045 1000
1576004401 15042 1000
1576008001 15040 1000
1576011601 15039 1000
1576015202 15038 1000
1576018801 15041 1000
1576022401 13611 1000
1576026001 13614 1000
1576029601 14205 1000
1576033201 14210 1000
1576036801 14208 1000
1576040401 14211 1000
1576044001 14213 1000
1576047601 12940 1000
1576051201 11871 1000
1576054801 11871 1000
1576058401 11871 1000
1576062001 11871 1000
1576065601 11871 1000
1576069201 11871 1000
1576072801 11871 1000
1576076401 11871 1000
1576080001 11871 1000
1576083601 11871 1000
1576087201 11870 1000
1576090801 14193 1000
1576094401 14192 1000
1576098001 15058 1000
1576101601 16410 1000
1576105201 16429 1000
1576108801 15915 1000
1576112401 15920 1000
1576116001 15925 1000
1576119601 15930 1000
1576123201 15930 1000
1576126801 15930 1000
1576130401 15930 1000
1576134001 15930 1000
1576137601 11871 1000
1576141201 13679 1000
1576144801 11869 1000
1576148401 11869 1000
1576152001 11869 1000
1576155601 11869 1000
1576159201 18128 1000
1576162801 18176 1000
1576166401 18186 1000
1576170001 19166 1000
1576173601 19172 1000
1576177201 19179 1000
1576180801 19184 1000
1576184401 19189 1000
1576188001 19191 1000
1576191601 18203 1000
1576195201 18208 1000
1576198801 18215 1000
1576202401 18225 1000
1576206001 17323 1000
1576209601 17319 1000
1576213201 15054 1000
1576216801 15066 1000
1576220401 14176 1000
1576224001 14176 1000
1576227601 14176 1000
1576231201 14176 1000
1576234801 14176 1000
1576238401 14177 1000
1576242001 14177 1000
1576245601 18252 1000
1576249201 18258 1000
1576252801 14176 1000
1576256401 14180 1000
1576260001 14181 1000
1576263601 14185 1000
1576267201 15041 1000
1576270801 15051 1000
1576274401 15060 1000
1576278001 15064 1000
1576281601 15070 1000
1576285201 15072 1000
1576288801 15077 1000
1576292401 15081 1000
1576296001 14182 1000
1576299601 14182 1000
1576303201 14182 1000
1576306801 14184 1000
1576310401 14184 1000
1576314001 14184 1000
1576317601 14184 1000
1576321201 14184 1000
1576324801 14184 1000
1576328401 14184 1000
1576332001 14185 1000
1576335601 14185 1000
1576339201 14185 1000
1576342801 14185 1000
1576346401 14185 1000
1576350001 14184 1000
1576353601 14184 1000
1576357201 14184 1000
1576360801 14184 1000
1576364401 14184 1000
1576368001 14184 1000
1576371601 14184 1000
1576375201 14184 1000
1576378801 14184 1000
1576382401 14184 1000
1576386001 12966 1000
1576389601 12966 1000
1576393201 12966 1000
1576396801 12965 1000
1576400401 4951 1000
1576404001 4233 1000
1576407601 4233 1000
1576411201 4233 1000
1576414801 4233 1000
1576418401 4233 1000
1576422001 12282 1000
1576425601 16464 1000
1576429201 15044 1000
1576432801 15046 1000
1576436401 18119 1000
1576440001 19199 1000
1576443601 19203 1000
1576447201 15898 1000
1576450801 15904 1000
1576454401 15913 1000
1576458001 15918 1000
1576461601 15924 1000
1576465201 15054 1000
1576468801 14190 1000
1576472401 14190 1000
1576476001 14190 1000
1576479601 14190 1000
1576483201 14190 1000
1576486801 14190 1000
1576490401 15053 1000
1576494001 15058 1000
1576497601 15064 1000
1576501201 15069 1000
1576504801 16385 1000
1576508401 16421 1000
1576512001 18134 1000
1576515601 16449 1000
1576519201 16457 1000
1576522801 15933 1000
1576526401 16478 1000
1576530001 16485 1000
1576533601 16490 1000
1576537201 14191 1000
1576540801 14190 1000
1576544401 14190 1000
1576548002 14189 1000
1576551601 14189 1000
1576555201 14189 1000
1576558801 12237 1000
1576562401 12238 1000
1576566001 12238 1000
1576569601 12238 1000
1576573201 11833 1000
1576576801 11833 1000
1576580401 12244 1000
1576584001 12250 1000
1576587601 12261 1000
1576591201 12271 1000
1576594801 12282 1000
1576598401 12287 1000
1576602001 16502 1000
1576605601 16525 1000
1576609201 17271 1000
1576612801 17277 1000
1576616401 17282 1000
1576620001 17279 1000
1576623601 17283 1000
1576627201 17284 1000
1576630801 17289 1000
1576634401 17292 1000
1576638001 17296 1000
1576641601 17302 1000
1576645201 17302 1000
1576648801 16523 1000
1576652401 15081 1000
1576656001 15920 1000
1576659601 15927 1000
1576663201 15928 1000
1576666801 14187 1000
1576670401 14198 1000
1576674001 14182 1000
1576677601 14182 1000
1576681201 16506 1000
1576684801 16500 1000
1576688401 20058 1000
1576692001 22087 1000
1576695601 23344 1000
1576699201 23348 1000
1576702801 23355 1000
1576706401 23361 1000
1576710001 23372 1000
1576713601 23381 1000
1576717201 23388 1000
1576720801 21179 1000
1576724401 20104 1000
1576728002 19155 1000
1576731601 19154 1000
1576735201 19155 1000
1576738801 19156 1000
1576742401 19157 1000
1576746001 18226 1000
1576749601 18230 1000
1576753202 18191 1000
1576756801 18191 1000
1576760401 18191 1000
1576764001 18203 1000
1576767601 19158 1000
1576771201 19170 1000
1576774801 18205 1000
1576778401 23495 1000
1576782001 22078 1000
1576785601 22092 1000
1576789201 22099 1000
1576792801 20098 1000
1576796401 20107 1000
1576800001 20115 1000
1576803601 20121 1000
1576807201 20122 1000
1576810801 20125 1000
1576814401 19203 1000
1576818001 19208 1000
1576821601 19208 1000
1576825201 19214 1000
1576828801 19185 1000
1576832401 19213 1000
1576836001 19188 1000
1576839601 19189 1000
1576843201 19190 1000
1576846801 19191 1000
1576850401 19191 1000
1576854001 19191 1000
1576857601 19199 1000
1576861201 19203 1000
1576864801 19207 1000
1576868401 19211 1000
1576872001 19215 1000
1576875601 19218 1000
1576879201 19204 1000
1576882801 19204 1000
1576886401 19203 1000
1576890001 19204 1000
1576893601 19204 1000
1576897201 19204 1000
1576900801 19204 1000
1576904401 19204 1000
1576908001 19204 1000
1576911601 19205 1000
1576915201 19205 1000
1576918801 19206 1000
1576922401 19206 1000
1576926001 19207 1000
1576929601 19207 1000
1576933201 19208 1000
1576936801 19208 1000
1576940401 19209 1000
1576944001 19210 1000
1576947601 19210 1000
1576951201 19210 1000
1576954801 19211 1000
1576958401 19211 1000
1576962002 19211 1000
1576965601 19211 1000
1576969201 19212 1000
1576972801 19212 1000
1576976401 19213 1000
1576980001 19213 1000
1576983601 19214 1000
1576987201 19214 1000
1576990801 19215 1000
1576994401 19215 1000
1576998001 19216 1000
1577001601 19216 1000
1577005201 19217 1000
1577008801 19217 1000
1577012401 19217 1000
1577016001 19219 1000
1577019601 19219 1000
1577023201 15887 1000
1577026801 2719 1000
1577030401 3325 1000
1577034001 3329 1000
1577037601 3151 1000
1577041201 4025 1000
1577044801 3332 1000
1577048401 3334 1000
1577052001 3336 1000
1577055601 3337 1000
1577059201 3337 1000
1577062801 3338 1000
1577066401 3020 1000
1577070001 3020 1000
1577073601 3020 1000
1577077201 3020 1000
1577080801 3020 1000
1577084401 2845 1000
1577088001 3337 1000
1577091601 3021 1000
1577095201 3132 1000
1577098801 3332 1000
1577102401 3333 1000
1577106001 3147 1000
1577109601 6272 1000
1577113201 6278 1000
1577116801 10665 1000
1577120401 10684 1000
1577124001 10696 1000
1577127601 10703 1000
1577131201 10089 1000
1577134801 10701 1000
1577138401 10700 1000
1577142001 10700 1000
1577145601 11103 1000
1577149201 11108 1000
1577152802 10704 1000
1577156401 11110 1000
1577160001 11119 1000
1577163602 11123 1000
1577167202 8373 1000
1577170801 8375 1000
1577174401 10707 1000
1577178001 11139 1000
1577181601 11142 1000
1577185201 11147 1000
1577188801 11149 1000
1577192401 11152 1000
1577196001 11155 1000
1577199601 11157 1000
1577203201 11158 1000
1577206801 10126 1000
1577210401 10123 1000
1577214001 10124 1000
1577217601 10127 1000
1577221201 10131 1000
1577224801 10132 1000
1577228401 9732 1000
1577232001 6949 1000
1577235601 6949 1000
1577239201 6949 1000
1577242801 6520 1000
1577246401 6520 1000
1577250001 6951 1000
1577253601 6955 1000
1577257201 6956 1000
1577260801 6957 1000
1577264401 6520 1000
1577268001 6522 1000
1577271601 6524 1000
1577275201 6524 1000
1577278801 6524 1000
1577282401 8029 1000
1577286001 6948 1000
1577289601 6948 1000
1577293201 6948 1000
1577296801 6949 1000
1577300401 6949 1000
1577304001 7166 1000
1577307601 7171 1000
1577311201 6948 1000
1577314801 6948 1000
1577318401 7176 1000
1577322001 6949 1000
1577325601 6949 1000
1577329201 6949 1000
1577332801 6949 1000
1577336401 6949 1000
1577340001 6949 1000
1577343601 7172 1000
1577347201 7185 1000
1577350801 6949 1000
1577354401 6949 1000
1577358001 6949 1000
1577361601 6949 1000
1577365201 6949 1000
1577368801 18106 1000
1577372401 15051 1000
1577376001 11884 1000
1577379601 7173 1000
1577383201 6949 1000
1577386801 6949 1000
1577390401 11141 1000
1577394001 12230 1000
1577397601 12239 1000
1577401201 12242 1000
1577404801 12244 1000
1577408401 11893 1000
1577412001 11901 1000
1577415601 11906 1000
1577419201 11909 1000
1577422801 7592 1000
1577426401 7603 1000
1577430001 6949 1000
1577433601 6949 1000
1577437201 6949 1000
1577440801 6949 1000
1577444401 6949 1000
1577448001 6948 1000
1577451601 6948 1000
1577455201 6948 1000
1577458801 6948 1000
1577462401 6949 1000
1577466001 6951 1000
1577469601 6954 1000
1577473201 7167 1000
1577476801 7179 1000
1577480401 7186 1000
1577484001 7190 1000
1577487601 7195 1000
1577491201 7198 1000
1577494801 7198 1000
1577498401 7198 1000
1577502001 7202 1000
1577505601 7203 1000
1577509201 7203 1000
1577512801 6941 1000
1577516401 5985 1000
1577520001 5683 1000
1577523601 5685 1000
1577527201 5689 1000
1577530801 5690 1000
1577534401 5691 1000
1577538001 5692 1000
1577541601 6240 1000
1577545201 6240 1000
1577548801 6242 1000
1577552401 5987 1000
1577556001 5989 1000
1577559601 5992 1000
1577563201 5994 1000
1577566802 5995 1000
1577570401 6245 1000
1577574001 6250 1000
1577577601 6253 1000
1577581201 5692 1000
1577584801 5693 1000
1577588401 5694 1000
1577592001 5694 1000
1577595601 5694 1000
1577599202 5695 1000
1577602801 5695 1000
1577606401 5696 1000
1577610001 5696 1000
1577613601 5696 1000
1577617201 4449 1000
1577620801 4450 1000
1577624401 4450 1000
1577628001 4451 1000
1577631601 4948 1000
1577635201 4952 1000
1577638801 4956 1000
1577642401 4957 1000
1577646001 4961 1000
1577649601 3019 1000
1577653201 3020 1000
1577656801 3021 1000
1577660401 3022 1000
1577664001 3020 1000
1577667601 3022 1000
1577671201 3023 1000
1577674801 3023 1000
1577678401 2843 1000
1577682002 2847 1000
1577685601 2842 1000
1577689201 2844 1000
1577692801 2844 1000
1577696401 2844 1000
1577700001 2846 1000
1577703601 1588 1000
1577707201 1242 1000
1577710801 3143 1000
1577714401 5061 1000
1577718001 3633 1000
1577721601 3019 1000
1577725201 3488 1000
1577728801 4264 1000
1577732401 4020 1000
1577736001 4022 1000
1577739601 4023 1000
1577743201 4024 1000
1577746801 4024 1000
